##FastQC	0.11.3
>>Basic Statistics	pass
#Measure	Value
Filename	Day7.fastq
File type	Conventional base calls
Encoding	Sanger / Illumina 1.9
Total Sequences	1000
Sequences flagged as poor quality	0
Sequence length	101
%GC	49
>>END_MODULE
>>Per base sequence quality	pass
#Base	Mean	Median	Lower Quartile	Upper Quartile	10th Percentile	90th Percentile
1	32.309	34.0	31.0	34.0	31.0	34.0
2	32.823	34.0	33.0	34.0	31.0	34.0
3	33.091	34.0	33.0	34.0	31.0	34.0
4	36.448	37.0	37.0	37.0	35.0	37.0
5	36.394	37.0	37.0	37.0	35.0	37.0
6	36.47	37.0	37.0	37.0	35.0	37.0
7	36.439	37.0	37.0	37.0	35.0	37.0
8	36.432	37.0	37.0	37.0	35.0	37.0
9	38.235	39.0	39.0	39.0	37.0	39.0
10-11	38.226	39.0	39.0	39.0	37.0	39.0
12-13	38.191	39.0	39.0	39.0	36.0	39.0
14-15	39.8545	41.0	40.0	41.0	38.0	41.0
16-17	39.6255	41.0	40.0	41.0	37.0	41.0
18-19	39.838499999999996	41.0	40.0	41.0	38.0	41.0
20-21	39.811	41.0	40.0	41.0	38.0	41.0
22-23	39.838499999999996	41.0	40.0	41.0	38.0	41.0
24-25	39.749	41.0	40.0	41.0	38.0	41.0
26-27	39.427	41.0	39.0	41.0	36.5	41.0
28-29	39.283500000000004	41.0	39.0	41.0	36.5	41.0
30-31	39.4195	41.0	39.0	41.0	36.5	41.0
32-33	39.207499999999996	40.0	39.0	41.0	35.5	41.0
34-35	39.0805	40.0	38.5	41.0	36.0	41.0
36-37	39.0805	40.0	38.5	41.0	35.5	41.0
38-39	38.801500000000004	40.0	38.0	41.0	35.0	41.0
40-41	38.388999999999996	40.0	38.0	41.0	34.0	41.0
42-43	38.4185	40.0	38.0	41.0	34.0	41.0
44-45	37.99250000000001	40.0	37.5	41.0	32.5	41.0
46-47	38.009	40.0	38.0	41.0	33.0	41.0
48-49	37.987	40.0	37.5	41.0	33.0	41.0
50-51	38.0755	40.0	37.5	41.0	33.5	41.0
52-53	38.2015	40.0	38.0	41.0	34.0	41.0
54-55	37.868	40.0	37.0	41.0	33.0	41.0
56-57	37.807	40.0	37.0	41.0	33.5	41.0
58-59	37.757000000000005	39.5	36.0	41.0	33.5	41.0
60-61	37.1295	39.0	35.5	41.0	31.5	41.0
62-63	36.9535	38.5	35.0	40.0	32.0	41.0
64-65	36.7485	38.0	35.0	40.0	32.0	41.0
66-67	36.4165	37.0	35.0	40.0	31.5	41.0
68-69	36.0595	37.0	35.0	39.5	31.5	41.0
70-71	35.623999999999995	36.0	35.0	39.0	30.5	41.0
72-73	35.275	35.5	35.0	38.5	30.5	40.0
74-75	35.0755	35.0	34.0	37.0	31.0	40.0
76-77	33.6035	34.5	32.5	36.0	28.5	39.0
78-79	34.2425	35.0	34.0	36.5	30.0	39.0
80-81	34.1465	35.0	34.0	36.0	30.0	38.0
82-83	34.0165	35.0	34.0	36.0	30.5	37.0
84-85	33.7555	35.0	34.0	35.5	29.5	37.0
86-87	33.4405	35.0	34.0	35.0	30.0	36.0
88-89	33.2455	35.0	34.0	35.0	29.0	36.0
90-91	33.126999999999995	35.0	33.5	35.0	29.0	36.0
92-93	33.1495	35.0	34.0	35.0	29.0	36.0
94-95	32.8695	35.0	33.0	35.0	28.0	35.0
96-97	32.956999999999994	35.0	33.5	35.0	29.0	35.0
98-99	33.0045	35.0	33.5	35.0	29.0	35.0
100-101	32.5175	34.5	32.5	35.0	27.0	35.0
>>END_MODULE
>>Per tile sequence quality	pass
#Tile	Base	Mean
1101	1	0.0
1101	2	0.0
1101	3	0.0
1101	4	0.0
1101	5	0.0
1101	6	0.0
1101	7	0.0
1101	8	0.0
1101	9	0.0
1101	10-11	0.0
1101	12-13	0.0
1101	14-15	0.0
1101	16-17	0.0
1101	18-19	0.0
1101	20-21	0.0
1101	22-23	0.0
1101	24-25	0.0
1101	26-27	0.0
1101	28-29	0.0
1101	30-31	0.0
1101	32-33	0.0
1101	34-35	0.0
1101	36-37	0.0
1101	38-39	0.0
1101	40-41	0.0
1101	42-43	0.0
1101	44-45	0.0
1101	46-47	0.0
1101	48-49	0.0
1101	50-51	0.0
1101	52-53	0.0
1101	54-55	0.0
1101	56-57	0.0
1101	58-59	0.0
1101	60-61	0.0
1101	62-63	0.0
1101	64-65	0.0
1101	66-67	0.0
1101	68-69	0.0
1101	70-71	0.0
1101	72-73	0.0
1101	74-75	0.0
1101	76-77	0.0
1101	78-79	0.0
1101	80-81	0.0
1101	82-83	0.0
1101	84-85	0.0
1101	86-87	0.0
1101	88-89	0.0
1101	90-91	0.0
1101	92-93	0.0
1101	94-95	0.0
1101	96-97	0.0
1101	98-99	0.0
1101	100-101	0.0
>>END_MODULE
>>Per sequence quality scores	pass
#Quality	Count
18	1.0
19	0.0
20	0.0
21	0.0
22	3.0
23	2.0
24	3.0
25	3.0
26	7.0
27	4.0
28	13.0
29	8.0
30	17.0
31	18.0
32	16.0
33	30.0
34	28.0
35	67.0
36	136.0
37	263.0
38	314.0
39	67.0
>>END_MODULE
>>Per base sequence content	fail
#Base	G	A	T	C
1	45.030425963488845	9.127789046653144	8.72210953346856	37.11967545638945
2	26.200000000000003	12.7	35.0	26.1
3	24.6	16.7	23.9	34.8
4	25.5	27.1	22.1	25.3
5	28.9	29.299999999999997	20.200000000000003	21.6
6	22.0	32.1	24.6	21.3
7	20.1	23.0	39.5	17.4
8	22.1	20.7	30.599999999999998	26.6
9	21.7	23.1	31.7	23.5
10-11	25.0	29.4	23.549999999999997	22.05
12-13	24.15	22.45	27.3	26.1
14-15	22.75	24.4	27.400000000000002	25.45
16-17	24.85	23.65	27.0	24.5
18-19	24.05	25.5	25.5	24.95
20-21	24.45	23.7	27.900000000000002	23.95
22-23	24.45	25.650000000000002	26.400000000000002	23.5
24-25	23.05	25.0	27.800000000000004	24.15
26-27	24.3	24.95	25.900000000000002	24.85
28-29	24.95	24.25	26.650000000000002	24.15
30-31	25.6	24.05	26.55	23.799999999999997
32-33	24.099999999999998	23.9	27.400000000000002	24.6
34-35	22.6	25.650000000000002	26.900000000000002	24.85
36-37	23.45	25.650000000000002	25.8	25.1
38-39	23.799999999999997	24.65	26.900000000000002	24.65
40-41	24.75	26.0	25.35	23.9
42-43	22.95	24.5	27.6	24.95
44-45	24.8	24.75	25.8	24.65
46-47	25.05	24.85	26.3	23.799999999999997
48-49	24.65	24.15	26.450000000000003	24.75
50-51	23.95	23.599999999999998	26.85	25.6
52-53	22.3	26.1	26.900000000000002	24.7
54-55	23.5	25.0	26.400000000000002	25.1
56-57	23.200000000000003	24.349999999999998	28.1	24.349999999999998
58-59	24.55	24.75	27.650000000000002	23.05
60-61	24.85	24.0	26.450000000000003	24.7
62-63	23.95	25.650000000000002	25.650000000000002	24.75
64-65	24.6	24.15	26.1	25.15
66-67	23.5	24.65	26.8	25.05
68-69	25.05	24.0	27.1	23.849999999999998
70-71	25.5	23.7	26.150000000000002	24.65
72-73	24.349999999999998	23.05	28.199999999999996	24.4
74-75	24.6	24.65	26.75	24.0
76-77	24.95	23.849999999999998	26.55	24.65
78-79	25.15	23.9	26.650000000000002	24.3
80-81	23.05	23.799999999999997	26.75	26.400000000000002
82-83	25.15	24.85	26.200000000000003	23.799999999999997
84-85	22.650000000000002	24.4	27.55	25.4
86-87	25.15	24.45	25.75	24.65
88-89	25.8	24.349999999999998	25.4	24.45
90-91	24.25	24.349999999999998	25.6	25.8
92-93	23.75	25.05	27.85	23.35
94-95	25.85	24.349999999999998	25.95	23.849999999999998
96-97	24.45	24.25	25.0	26.3
98-99	25.0	25.05	26.75	23.200000000000003
100-101	24.25	25.35	27.1	23.3
>>END_MODULE
>>Per sequence GC content	fail
#GC Content	Count
0	0.0
1	0.0
2	0.0
3	0.0
4	0.0
5	0.0
6	0.0
7	0.0
8	0.0
9	0.0
10	0.0
11	0.0
12	0.0
13	0.0
14	0.0
15	0.0
16	0.0
17	0.0
18	0.0
19	0.0
20	0.0
21	0.5
22	0.5
23	0.0
24	0.5
25	1.5
26	1.0
27	1.0
28	4.5
29	5.5
30	5.0
31	7.0
32	6.5
33	7.0
34	10.5
35	15.0
36	17.5
37	18.5
38	21.5
39	20.5
40	24.0
41	29.0
42	27.0
43	26.0
44	32.0
45	36.0
46	39.5
47	42.5
48	38.5
49	40.0
50	43.0
51	39.0
52	39.0
53	42.5
54	44.5
55	44.5
56	34.0
57	30.5
58	37.0
59	36.5
60	24.5
61	19.5
62	19.0
63	17.5
64	17.5
65	10.0
66	6.0
67	5.5
68	4.0
69	1.5
70	1.0
71	1.0
72	0.0
73	0.0
74	0.5
75	0.5
76	0.0
77	0.0
78	0.5
79	1.5
80	1.0
81	0.0
82	0.0
83	0.0
84	0.0
85	0.0
86	0.0
87	0.0
88	0.0
89	0.0
90	0.0
91	0.0
92	0.0
93	0.0
94	0.0
95	0.0
96	0.0
97	0.0
98	0.0
99	0.0
100	0.0
>>END_MODULE
>>Per base N content	pass
#Base	N-Count
1	1.4000000000000001
2	0.0
3	0.0
4	0.0
5	0.0
6	0.0
7	0.0
8	0.0
9	0.0
10-11	0.0
12-13	0.0
14-15	0.0
16-17	0.0
18-19	0.0
20-21	0.0
22-23	0.0
24-25	0.0
26-27	0.0
28-29	0.0
30-31	0.0
32-33	0.0
34-35	0.0
36-37	0.0
38-39	0.0
40-41	0.0
42-43	0.0
44-45	0.0
46-47	0.0
48-49	0.0
50-51	0.0
52-53	0.0
54-55	0.0
56-57	0.0
58-59	0.0
60-61	0.0
62-63	0.0
64-65	0.0
66-67	0.0
68-69	0.0
70-71	0.0
72-73	0.0
74-75	0.0
76-77	0.0
78-79	0.0
80-81	0.0
82-83	0.0
84-85	0.0
86-87	0.0
88-89	0.0
90-91	0.0
92-93	0.0
94-95	0.0
96-97	0.0
98-99	0.0
100-101	0.0
>>END_MODULE
>>Sequence Length Distribution	pass
#Length	Count
101	1000.0
>>END_MODULE
>>Sequence Duplication Levels	pass
#Total Deduplicated Percentage	100.0
#Duplication Level	Percentage of deduplicated	Percentage of total
1	100.0	100.0
2	0.0	0.0
3	0.0	0.0
4	0.0	0.0
5	0.0	0.0
6	0.0	0.0
7	0.0	0.0
8	0.0	0.0
9	0.0	0.0
>10	0.0	0.0
>50	0.0	0.0
>100	0.0	0.0
>500	0.0	0.0
>1k	0.0	0.0
>5k	0.0	0.0
>10k+	0.0	0.0
>>END_MODULE
>>Overrepresented sequences	pass
>>END_MODULE
>>Adapter Content	pass
#Position	Illumina Universal Adapter	Illumina Small RNA Adapter	Nextera Transposase Sequence	SOLID Small RNA Adapter
1	0.0	0.0	0.0	0.0
2	0.0	0.0	0.0	0.0
3	0.0	0.0	0.0	0.0
4	0.0	0.0	0.0	0.0
5	0.0	0.0	0.0	0.0
6	0.0	0.0	0.0	0.0
7	0.0	0.0	0.0	0.0
8	0.0	0.0	0.0	0.0
9	0.0	0.0	0.0	0.0
10-11	0.0	0.0	0.0	0.0
12-13	0.0	0.0	0.0	0.0
14-15	0.0	0.0	0.0	0.0
16-17	0.0	0.0	0.0	0.0
18-19	0.0	0.0	0.0	0.0
20-21	0.0	0.0	0.0	0.0
22-23	0.0	0.0	0.0	0.0
24-25	0.0	0.0	0.0	0.0
26-27	0.0	0.0	0.0	0.0
28-29	0.0	0.0	0.0	0.0
30-31	0.0	0.0	0.0	0.0
32-33	0.0	0.0	0.0	0.0
34-35	0.0	0.0	0.0	0.0
36-37	0.0	0.0	0.0	0.0
38-39	0.0	0.0	0.0	0.0
40-41	0.0	0.0	0.0	0.0
42-43	0.0	0.0	0.0	0.0
44-45	0.0	0.0	0.0	0.0
46-47	0.0	0.0	0.0	0.0
48-49	0.0	0.0	0.0	0.0
50-51	0.0	0.0	0.0	0.0
52-53	0.0	0.0	0.0	0.0
54-55	0.0	0.0	0.0	0.0
56-57	0.0	0.0	0.0	0.0
58-59	0.0	0.0	0.0	0.0
60-61	0.0	0.0	0.0	0.0
62-63	0.0	0.0	0.0	0.0
64-65	0.1	0.0	0.0	0.0
66-67	0.1	0.0	0.0	0.0
68-69	0.1	0.0	0.0	0.0
70-71	0.1	0.0	0.0	0.0
72-73	0.1	0.0	0.0	0.0
74-75	0.15000000000000002	0.0	0.0	0.0
76-77	0.25	0.0	0.0	0.0
78-79	0.3	0.0	0.0	0.0
80-81	0.3	0.0	0.0	0.0
82-83	0.3	0.0	0.0	0.0
84-85	0.35	0.0	0.0	0.0
86-87	0.4	0.0	0.0	0.0
88-89	0.6	0.0	0.0	0.0
>>END_MODULE
>>Kmer Content	pass
>>END_MODULE
