##FastQC	0.11.3
>>Basic Statistics	pass
#Measure	Value
Filename	Day4.fastq
File type	Conventional base calls
Encoding	Sanger / Illumina 1.9
Total Sequences	1000
Sequences flagged as poor quality	0
Sequence length	101
%GC	49
>>END_MODULE
>>Per base sequence quality	pass
#Base	Mean	Median	Lower Quartile	Upper Quartile	10th Percentile	90th Percentile
1	32.152	34.0	31.0	34.0	31.0	34.0
2	32.687	34.0	33.0	34.0	31.0	34.0
3	33.101	34.0	34.0	34.0	31.0	34.0
4	36.384	37.0	37.0	37.0	35.0	37.0
5	36.323	37.0	37.0	37.0	35.0	37.0
6	36.446	37.0	37.0	37.0	35.0	37.0
7	36.475	37.0	37.0	37.0	35.0	37.0
8	36.439	37.0	37.0	37.0	35.0	37.0
9	38.282	39.0	39.0	39.0	37.0	39.0
10-11	38.304	39.0	39.0	39.0	37.0	39.0
12-13	38.06	39.0	39.0	39.0	36.0	39.0
14-15	39.937	41.0	40.0	41.0	38.0	41.0
16-17	39.689499999999995	41.0	40.0	41.0	37.0	41.0
18-19	39.867999999999995	41.0	40.0	41.0	38.0	41.0
20-21	39.849999999999994	41.0	40.0	41.0	38.0	41.0
22-23	39.795	41.0	40.0	41.0	38.0	41.0
24-25	39.704	41.0	40.0	41.0	38.0	41.0
26-27	39.535	41.0	40.0	41.0	37.0	41.0
28-29	39.308	41.0	39.0	41.0	37.0	41.0
30-31	39.4225	41.0	39.0	41.0	36.5	41.0
32-33	39.239000000000004	40.0	39.0	41.0	36.5	41.0
34-35	38.971500000000006	40.0	38.5	41.0	35.0	41.0
36-37	38.9805	40.0	38.5	41.0	35.0	41.0
38-39	38.811499999999995	40.0	38.0	41.0	35.0	41.0
40-41	38.7	40.0	38.0	41.0	35.0	41.0
42-43	38.551500000000004	40.0	38.0	41.0	34.5	41.0
44-45	37.9935	40.0	37.5	41.0	32.0	41.0
46-47	38.1265	40.0	37.0	41.0	33.0	41.0
48-49	37.888999999999996	40.0	37.0	41.0	33.0	41.0
50-51	38.11	40.0	37.5	41.0	33.5	41.0
52-53	38.216499999999996	40.0	37.0	41.0	34.0	41.0
54-55	38.0385	40.0	37.0	41.0	33.5	41.0
56-57	37.888	40.0	37.0	41.0	33.0	41.0
58-59	37.6695	39.5	36.0	41.0	33.0	41.0
60-61	37.067	39.0	35.5	41.0	32.5	41.0
62-63	36.858	38.0	35.0	40.0	31.5	41.0
64-65	36.716	37.5	35.0	40.0	32.5	41.0
66-67	36.3785	37.0	35.0	39.5	32.0	41.0
68-69	36.001999999999995	36.5	35.0	39.0	32.0	41.0
70-71	35.6045	36.0	35.0	39.0	31.5	41.0
72-73	35.0765	35.0	34.5	38.0	30.5	40.0
74-75	34.986000000000004	35.0	34.5	37.0	31.0	39.0
76-77	33.766999999999996	34.5	32.5	36.0	29.5	39.0
78-79	34.326	35.0	34.0	36.0	31.0	39.0
80-81	34.1715	35.0	34.0	36.0	31.0	37.0
82-83	33.968	35.0	34.0	35.5	30.5	37.0
84-85	33.807	35.0	34.0	35.0	31.0	37.0
86-87	33.5905	35.0	34.0	35.0	30.0	36.0
88-89	33.284000000000006	35.0	34.0	35.0	29.5	36.0
90-91	33.334	35.0	34.0	35.0	29.5	36.0
92-93	33.173500000000004	35.0	34.0	35.0	29.5	35.5
94-95	32.960499999999996	35.0	33.0	35.0	29.0	35.0
96-97	33.0285	35.0	33.5	35.0	29.0	35.0
98-99	32.928	35.0	33.0	35.0	29.0	35.0
100-101	32.661	35.0	33.5	35.0	28.0	35.0
>>END_MODULE
>>Per tile sequence quality	pass
#Tile	Base	Mean
1101	1	0.0
1101	2	0.0
1101	3	0.0
1101	4	0.0
1101	5	0.0
1101	6	0.0
1101	7	0.0
1101	8	0.0
1101	9	0.0
1101	10-11	0.0
1101	12-13	0.0
1101	14-15	0.0
1101	16-17	0.0
1101	18-19	0.0
1101	20-21	0.0
1101	22-23	0.0
1101	24-25	0.0
1101	26-27	0.0
1101	28-29	0.0
1101	30-31	0.0
1101	32-33	0.0
1101	34-35	0.0
1101	36-37	0.0
1101	38-39	0.0
1101	40-41	0.0
1101	42-43	0.0
1101	44-45	0.0
1101	46-47	0.0
1101	48-49	0.0
1101	50-51	0.0
1101	52-53	0.0
1101	54-55	0.0
1101	56-57	0.0
1101	58-59	0.0
1101	60-61	0.0
1101	62-63	0.0
1101	64-65	0.0
1101	66-67	0.0
1101	68-69	0.0
1101	70-71	0.0
1101	72-73	0.0
1101	74-75	0.0
1101	76-77	0.0
1101	78-79	0.0
1101	80-81	0.0
1101	82-83	0.0
1101	84-85	0.0
1101	86-87	0.0
1101	88-89	0.0
1101	90-91	0.0
1101	92-93	0.0
1101	94-95	0.0
1101	96-97	0.0
1101	98-99	0.0
1101	100-101	0.0
>>END_MODULE
>>Per sequence quality scores	pass
#Quality	Count
19	1.0
20	2.0
21	0.0
22	2.0
23	6.0
24	4.0
25	4.0
26	4.0
27	5.0
28	11.0
29	4.0
30	6.0
31	18.0
32	13.0
33	22.0
34	57.0
35	59.0
36	127.0
37	294.0
38	311.0
39	50.0
>>END_MODULE
>>Per base sequence content	fail
#Base	G	A	T	C
1	41.7864476386037	5.852156057494867	11.601642710472278	40.75975359342916
2	24.099999999999998	12.4	35.3	28.199999999999996
3	25.3	16.6	22.0	36.1
4	28.9	22.5	21.7	26.900000000000002
5	26.400000000000002	28.199999999999996	24.7	20.7
6	24.0	30.599999999999998	24.9	20.5
7	18.8	23.400000000000002	38.6	19.2
8	24.3	21.4	30.4	23.9
9	20.599999999999998	20.8	33.800000000000004	24.8
10-11	24.75	29.799999999999997	21.7	23.75
12-13	25.25	21.9	28.1	24.75
14-15	23.1	23.65	28.95	24.3
16-17	25.05	23.799999999999997	26.950000000000003	24.2
18-19	24.099999999999998	24.55	27.150000000000002	24.2
20-21	24.85	25.3	26.25	23.599999999999998
22-23	24.25	25.55	25.5	24.7
24-25	23.599999999999998	24.6	25.6	26.200000000000003
26-27	23.05	24.5	27.05	25.4
28-29	24.8	27.6	24.4	23.200000000000003
30-31	23.25	24.45	27.400000000000002	24.9
32-33	24.45	25.3	26.400000000000002	23.849999999999998
34-35	24.8	25.3	26.35	23.549999999999997
36-37	22.900000000000002	24.75	27.1	25.25
38-39	24.75	22.95	28.849999999999998	23.45
40-41	25.2	25.1	26.1	23.599999999999998
42-43	25.15	23.0	26.900000000000002	24.95
44-45	22.1	26.650000000000002	26.650000000000002	24.6
46-47	23.7	23.9	25.95	26.450000000000003
48-49	24.099999999999998	24.3	27.800000000000004	23.799999999999997
50-51	24.4	24.3	25.75	25.55
52-53	25.3	22.2	27.500000000000004	25.0
54-55	23.95	25.15	24.65	26.25
56-57	25.45	23.9	27.400000000000002	23.25
58-59	23.65	23.75	27.200000000000003	25.4
60-61	24.55	24.4	26.8	24.25
62-63	23.25	24.099999999999998	26.950000000000003	25.7
64-65	24.55	22.35	27.55	25.55
66-67	23.7	25.1	28.549999999999997	22.650000000000002
68-69	24.9	24.7	26.75	23.65
70-71	25.5	23.400000000000002	27.150000000000002	23.95
72-73	24.45	26.1	24.85	24.6
74-75	22.95	26.25	26.75	24.05
76-77	23.35	25.900000000000002	25.7	25.05
78-79	22.95	24.85	26.85	25.35
80-81	24.6	25.45	26.5	23.45
82-83	26.0	22.75	27.6	23.65
84-85	26.35	23.5	26.200000000000003	23.95
86-87	24.349999999999998	25.1	27.500000000000004	23.05
88-89	22.95	23.75	26.85	26.450000000000003
90-91	26.400000000000002	22.35	26.75	24.5
92-93	25.05	25.75	25.5	23.7
94-95	23.0	24.099999999999998	27.500000000000004	25.4
96-97	24.099999999999998	24.55	24.95	26.400000000000002
98-99	22.1	24.6	26.05	27.250000000000004
100-101	26.6	25.650000000000002	24.55	23.200000000000003
>>END_MODULE
>>Per sequence GC content	warn
#GC Content	Count
0	0.0
1	0.0
2	0.0
3	0.0
4	0.0
5	0.0
6	0.0
7	0.0
8	0.0
9	0.0
10	0.0
11	0.0
12	0.0
13	0.0
14	0.0
15	0.0
16	0.0
17	1.0
18	1.0
19	0.0
20	0.0
21	0.0
22	0.0
23	0.0
24	0.0
25	0.5
26	1.5
27	3.0
28	3.5
29	5.5
30	6.5
31	5.5
32	8.5
33	9.5
34	9.5
35	13.0
36	19.5
37	20.0
38	19.0
39	22.5
40	24.0
41	23.0
42	24.5
43	27.0
44	25.5
45	30.5
46	41.0
47	38.5
48	35.5
49	36.0
50	35.5
51	41.0
52	46.5
53	51.0
54	43.0
55	39.0
56	46.0
57	44.5
58	38.0
59	33.5
60	31.0
61	25.5
62	21.5
63	16.0
64	8.0
65	6.0
66	5.5
67	3.0
68	1.0
69	2.0
70	2.0
71	1.0
72	1.0
73	1.0
74	0.5
75	0.5
76	0.5
77	0.0
78	0.0
79	0.0
80	0.0
81	0.0
82	0.0
83	0.0
84	0.5
85	0.5
86	0.0
87	0.0
88	0.0
89	0.0
90	0.0
91	0.0
92	0.0
93	0.0
94	0.0
95	0.0
96	0.0
97	0.0
98	0.0
99	0.0
100	0.0
>>END_MODULE
>>Per base N content	pass
#Base	N-Count
1	2.6
2	0.0
3	0.0
4	0.0
5	0.0
6	0.0
7	0.0
8	0.0
9	0.0
10-11	0.0
12-13	0.0
14-15	0.0
16-17	0.0
18-19	0.0
20-21	0.0
22-23	0.0
24-25	0.0
26-27	0.0
28-29	0.0
30-31	0.0
32-33	0.0
34-35	0.0
36-37	0.0
38-39	0.0
40-41	0.0
42-43	0.0
44-45	0.0
46-47	0.0
48-49	0.0
50-51	0.0
52-53	0.0
54-55	0.0
56-57	0.0
58-59	0.0
60-61	0.0
62-63	0.0
64-65	0.0
66-67	0.0
68-69	0.0
70-71	0.0
72-73	0.0
74-75	0.0
76-77	0.0
78-79	0.0
80-81	0.0
82-83	0.0
84-85	0.0
86-87	0.0
88-89	0.0
90-91	0.0
92-93	0.0
94-95	0.0
96-97	0.0
98-99	0.0
100-101	0.0
>>END_MODULE
>>Sequence Length Distribution	pass
#Length	Count
101	1000.0
>>END_MODULE
>>Sequence Duplication Levels	pass
#Total Deduplicated Percentage	100.0
#Duplication Level	Percentage of deduplicated	Percentage of total
1	100.0	100.0
2	0.0	0.0
3	0.0	0.0
4	0.0	0.0
5	0.0	0.0
6	0.0	0.0
7	0.0	0.0
8	0.0	0.0
9	0.0	0.0
>10	0.0	0.0
>50	0.0	0.0
>100	0.0	0.0
>500	0.0	0.0
>1k	0.0	0.0
>5k	0.0	0.0
>10k+	0.0	0.0
>>END_MODULE
>>Overrepresented sequences	pass
>>END_MODULE
>>Adapter Content	pass
#Position	Illumina Universal Adapter	Illumina Small RNA Adapter	Nextera Transposase Sequence	SOLID Small RNA Adapter
1	0.0	0.0	0.0	0.0
2	0.0	0.0	0.1	0.0
3	0.0	0.0	0.1	0.0
4	0.0	0.0	0.1	0.0
5	0.0	0.0	0.1	0.0
6	0.0	0.0	0.1	0.0
7	0.0	0.0	0.1	0.0
8	0.0	0.0	0.1	0.0
9	0.0	0.0	0.1	0.0
10-11	0.0	0.0	0.1	0.0
12-13	0.0	0.0	0.1	0.0
14-15	0.0	0.0	0.1	0.0
16-17	0.0	0.0	0.1	0.0
18-19	0.0	0.0	0.1	0.0
20-21	0.0	0.0	0.1	0.0
22-23	0.0	0.0	0.1	0.0
24-25	0.0	0.0	0.1	0.0
26-27	0.0	0.0	0.1	0.0
28-29	0.0	0.0	0.1	0.0
30-31	0.0	0.0	0.1	0.0
32-33	0.0	0.0	0.1	0.0
34-35	0.0	0.0	0.1	0.0
36-37	0.0	0.0	0.1	0.0
38-39	0.0	0.0	0.1	0.0
40-41	0.0	0.0	0.1	0.0
42-43	0.0	0.0	0.1	0.0
44-45	0.0	0.0	0.1	0.0
46-47	0.0	0.0	0.1	0.0
48-49	0.0	0.0	0.1	0.0
50-51	0.0	0.0	0.1	0.0
52-53	0.0	0.0	0.1	0.0
54-55	0.0	0.0	0.1	0.0
56-57	0.0	0.0	0.1	0.0
58-59	0.0	0.0	0.1	0.0
60-61	0.0	0.0	0.1	0.0
62-63	0.1	0.0	0.1	0.0
64-65	0.1	0.0	0.1	0.0
66-67	0.1	0.0	0.1	0.0
68-69	0.1	0.0	0.1	0.0
70-71	0.1	0.0	0.1	0.0
72-73	0.1	0.0	0.1	0.0
74-75	0.15000000000000002	0.0	0.1	0.0
76-77	0.2	0.0	0.1	0.0
78-79	0.25	0.0	0.1	0.0
80-81	0.6499999999999999	0.0	0.1	0.0
82-83	0.8500000000000001	0.0	0.1	0.0
84-85	0.95	0.0	0.1	0.0
86-87	1.1	0.0	0.1	0.0
88-89	1.2	0.0	0.1	0.0
>>END_MODULE
>>Kmer Content	pass
>>END_MODULE
